
CASCADE Topology V3, (c) Open Cascade
Locations 0
Curve2ds 0
Curves 256
1 0.23096988312782171 -0.095670858091272376 3.061616997868383e-17 0.19509032201612825 0.98078528040323043 0 
1 0.25 1.3877787807814454e-17 3.061616997868383e-17 0.38268343236509006 -1.4505762867282632e-16 0.92387953251128674 
1 0.26479463938695902 -0.1096815308777713 0.08838834764831846 0.19509032201612839 0.98078528040323043 0 
1 0.23096988312782171 -0.095670858091272376 3.061616997868383e-17 0.35355339059327401 -0.14644660940672641 0.92387953251128674 
1 0.26479463938695902 -0.10968153087777129 -0.088388347648318447 0.19509032201612839 0.98078528040323043 0 
1 0.28661165235168157 1.962615573354719e-17 -0.088388347648318447 -0.38268343236508978 -6.0084837121965009e-17 0.92387953251128685 
1 0.26479463938695902 -0.10968153087777129 -0.088388347648318447 -0.35355339059327379 0.1464466094067261 0.92387953251128685 
1 0.25 1.3877787807814454e-17 3.061616997868383e-17 -0.1950903220161283 0.98078528040323043 0 
1 0.23096988312782168 0.095670858091272459 3.061616997868383e-17 0.35355339059327406 0.14644660940672621 0.92387953251128674 
1 0.28661165235168157 -4.622231866529366e-33 0.08838834764831846 -0.19509032201612816 0.98078528040323043 0 
1 0.28661165235168157 -4.622231866529366e-33 0.08838834764831846 0.92387953251128685 -1.4505762867282627e-16 0.38268343236508956 
1 0.34645482469173255 -0.14350628713690858 0.125 0.19509032201612839 0.98078528040323043 0 
1 0.26479463938695902 -0.1096815308777713 0.08838834764831846 0.85355339059327395 -0.35355339059327373 0.38268343236508956 
1 0.17677669529663684 -0.17677669529663692 3.061616997868383e-17 0.55557023301960218 0.83146961230254524 0 
1 0.20266504294495527 -0.20266504294495538 0.08838834764831846 0.55557023301960218 0.83146961230254524 0 
1 0.17677669529663684 -0.17677669529663692 3.061616997868383e-17 0.27059805007309851 -0.27059805007309889 0.92387953251128674 
1 0.34645482469173255 -0.14350628713690858 -0.125 0.19509032201612836 0.98078528040323043 0 
1 0.375 1.3877787807814457e-17 -0.125 -0.92387953251128674 6.0084837121964985e-17 0.38268343236508978 
1 0.34645482469173255 -0.14350628713690858 -0.125 -0.85355339059327384 0.35355339059327362 0.38268343236508978 
1 0.28661165235168157 1.962615573354719e-17 -0.088388347648318447 -0.19509032201612816 0.98078528040323043 0 
1 0.26479463938695902 0.10968153087777137 -0.088388347648318447 -0.35355339059327379 -0.1464466094067263 0.92387953251128685 
1 0.2026650429449553 -0.20266504294495538 -0.088388347648318447 0.55557023301960207 0.83146961230254546 0 
1 0.2026650429449553 -0.20266504294495538 -0.088388347648318447 -0.27059805007309851 0.27059805007309851 0.92387953251128685 
1 0.23096988312782168 0.095670858091272459 3.061616997868383e-17 -0.55557023301960218 0.83146961230254535 0 
1 0.17677669529663689 0.17677669529663689 3.061616997868383e-17 0.27059805007309884 0.27059805007309862 0.92387953251128674 
1 0.26479463938695902 0.10968153087777135 0.08838834764831846 -0.55557023301960207 0.83146961230254546 0 
1 0.26479463938695902 0.10968153087777135 0.08838834764831846 0.85355339059327384 0.35355339059327368 0.38268343236508956 
1 0.375 -1.387778780781446e-17 0.125 -0.19509032201612847 0.98078528040323043 0 
1 0.375 -1.387778780781446e-17 0.125 0.92387953251128674 -6.0084837121964985e-17 -0.38268343236508989 
1 0.42811500999650615 -0.17733104339604591 0.088388347648318433 0.1950903220161283 0.98078528040323043 0 
1 0.34645482469173255 -0.14350628713690858 0.125 0.85355339059327384 -0.35355339059327362 -0.38268343236508989 
1 0.26516504294495524 -0.26516504294495535 0.125 0.5555702330196024 0.83146961230254524 0 
1 0.20266504294495527 -0.20266504294495538 0.08838834764831846 0.65328148243818807 -0.65328148243818862 0.38268343236508956 
1 0.095670858091272529 -0.23096988312782166 3.061616997868383e-17 0.83146961230254524 0.5555702330196024 0 
1 0.10968153087777144 -0.26479463938695896 0.08838834764831846 0.83146961230254535 0.55557023301960218 0 
1 0.095670858091272529 -0.23096988312782166 3.061616997868383e-17 0.14644660940672632 -0.35355339059327401 0.92387953251128674 
1 0.42811500999650609 -0.17733104339604588 -0.088388347648318447 0.1950903220161283 0.98078528040323043 0 
1 0.46338834764831843 1.5407439555097887e-33 -0.088388347648318447 -0.92387953251128685 1.450576286728263e-16 -0.38268343236508978 
1 0.42811500999650609 -0.17733104339604588 -0.088388347648318447 -0.85355339059327395 0.35355339059327373 -0.38268343236508978 
1 0.375 1.3877787807814457e-17 -0.125 -0.1950903220161285 0.98078528040323043 0 
1 0.3464548246917325 0.14350628713690866 -0.125 -0.85355339059327373 -0.35355339059327373 0.38268343236508978 
1 0.26516504294495524 -0.26516504294495535 -0.125 0.5555702330196024 0.83146961230254524 0 
1 0.26516504294495524 -0.26516504294495535 -0.125 -0.65328148243818807 0.6532814824381884 0.38268343236508978 
1 0.26479463938695902 0.10968153087777137 -0.088388347648318447 -0.55557023301960218 0.83146961230254535 0 
1 0.20266504294495533 0.20266504294495538 -0.088388347648318447 -0.27059805007309845 -0.27059805007309856 0.92387953251128685 
1 0.10968153087777145 -0.26479463938695896 -0.088388347648318447 0.83146961230254535 0.55557023301960218 0 
1 0.10968153087777145 -0.26479463938695896 -0.088388347648318447 -0.14644660940672641 0.35355339059327373 0.92387953251128685 
1 0.17677669529663689 0.17677669529663689 3.061616997868383e-17 -0.83146961230254535 0.55557023301960207 0 
1 0.095670858091272445 0.23096988312782168 3.061616997868383e-17 0.14644660940672652 0.35355339059327395 0.92387953251128674 
1 0.20266504294495535 0.20266504294495535 0.08838834764831846 -0.83146961230254535 0.55557023301960207 0 
1 0.20266504294495535 0.20266504294495535 0.08838834764831846 0.65328148243818851 0.65328148243818829 0.38268343236508956 
1 0.3464548246917325 0.14350628713690866 0.125 -0.55557023301960184 0.83146961230254557 0 
1 0.3464548246917325 0.14350628713690866 0.125 0.85355339059327373 0.35355339059327373 -0.38268343236508989 
1 0.46338834764831849 -1.962615573354719e-17 0.088388347648318433 -0.19509032201612839 0.98078528040323043 0 
1 0.46338834764831849 -1.962615573354719e-17 0.088388347648318433 0.38268343236508956 6.0084837121965034e-17 -0.92387953251128685 
1 0.46193976625564342 -0.19134171618254478 -1.5308084989341915e-17 0.1950903220161283 0.98078528040323054 0 
1 0.42811500999650615 -0.17733104339604591 0.088388347648318433 0.35355339059327362 -0.14644660940672602 -0.92387953251128685 
1 0.3276650429449553 -0.32766504294495541 0.088388347648318433 0.55557023301960229 0.83146961230254535 0 
1 0.26516504294495524 -0.26516504294495535 0.125 0.65328148243818807 -0.6532814824381884 -0.38268343236508989 
1 0.14350628713690877 -0.3464548246917325 0.125 0.83146961230254512 0.55557023301960251 0 
1 0.10968153087777144 -0.26479463938695896 0.08838834764831846 0.35355339059327395 -0.85355339059327384 0.38268343236508956 
1 -4.163336342344337e-17 -0.25 3.061616997868383e-17 0.98078528040323043 0.19509032201612833 0 
1 -6.3640571113339554e-17 -0.28661165235168157 0.08838834764831846 0.98078528040323043 0.19509032201612839 0 
1 -4.163336342344337e-17 -0.25 3.061616997868383e-17 -2.3003042022368766e-16 -0.38268343236509006 0.92387953251128674 
1 0.5 -1.3877787807814455e-17 -1.5308084989341915e-17 -0.38268343236508989 1.450576286728263e-16 -0.92387953251128674 
1 0.46193976625564342 -0.19134171618254478 -1.5308084989341915e-17 -0.35355339059327384 0.14644660940672635 -0.92387953251128674 
1 0.46338834764831843 1.5407439555097887e-33 -0.088388347648318447 -0.19509032201612841 0.98078528040323043 0 
1 0.42811500999650604 0.17733104339604597 -0.088388347648318447 -0.85355339059327395 -0.35355339059327368 -0.38268343236508978 
1 0.32766504294495524 -0.32766504294495541 -0.088388347648318447 0.55557023301960218 0.83146961230254524 0 
1 0.32766504294495524 -0.32766504294495541 -0.088388347648318447 -0.65328148243818807 0.65328148243818862 -0.38268343236508978 
1 0.3464548246917325 0.14350628713690866 -0.125 -0.55557023301960184 0.83146961230254557 0 
1 0.26516504294495535 0.26516504294495535 -0.125 -0.65328148243818829 -0.65328148243818829 0.38268343236508978 
1 0.14350628713690877 -0.3464548246917325 -0.125 0.83146961230254512 0.55557023301960251 0 
1 0.14350628713690877 -0.3464548246917325 -0.125 -0.35355339059327401 0.85355339059327373 0.38268343236508984 
1 0.20266504294495533 0.20266504294495538 -0.088388347648318447 -0.83146961230254546 0.55557023301960196 0 
1 0.10968153087777135 0.26479463938695902 -0.088388347648318447 -0.14644660940672621 -0.35355339059327379 0.92387953251128685 
1 -4.4014415379792368e-17 -0.28661165235168157 -0.088388347648318447 0.98078528040323043 0.19509032201612841 0 
1 -4.4014415379792368e-17 -0.28661165235168157 -0.088388347648318447 2.4887954428896291e-17 0.38268343236508978 0.92387953251128685 
1 0.095670858091272445 0.23096988312782168 3.061616997868383e-17 -0.98078528040323043 0.19509032201612833 0 
1 1.387778780781446e-17 0.25 3.061616997868383e-17 1.87544024448257e-16 0.38268343236509006 0.92387953251128674 
1 0.10968153087777137 0.26479463938695902 0.08838834764831846 -0.98078528040323043 0.19509032201612819 0 
1 0.10968153087777137 0.26479463938695902 0.08838834764831846 0.35355339059327401 0.85355339059327384 0.38268343236508962 
1 0.26516504294495535 0.26516504294495535 0.125 -0.83146961230254546 0.55557023301960184 0 
1 0.26516504294495535 0.26516504294495535 0.125 0.65328148243818829 0.65328148243818829 -0.38268343236508989 
1 0.42811500999650609 0.17733104339604597 0.088388347648318433 -0.55557023301960218 0.83146961230254535 0 
1 0.42811500999650609 0.17733104339604597 0.088388347648318433 0.35355339059327356 0.14644660940672621 -0.92387953251128685 
1 0.5 -1.3877787807814455e-17 -1.5308084989341915e-17 -0.1950903220161283 0.98078528040323043 0 
1 0.35355339059327368 -0.35355339059327384 -1.5308084989341915e-17 0.55557023301960229 0.83146961230254524 0 
1 0.3276650429449553 -0.32766504294495541 0.088388347648318433 0.27059805007309834 -0.27059805007309834 -0.92387953251128685 
1 0.17733104339604611 -0.42811500999650604 0.088388347648318433 0.83146961230254535 0.55557023301960218 0 
1 0.14350628713690877 -0.3464548246917325 0.125 0.35355339059327395 -0.85355339059327362 -0.38268343236508989 
1 -9.7144514654701197e-17 -0.375 0.125 0.98078528040323043 0.19509032201612822 0 
1 -6.3640571113339554e-17 -0.28661165235168157 0.08838834764831846 -3.5020009446761758e-16 -0.92387953251128685 0.38268343236508956 
1 -0.09567085809127239 -0.23096988312782171 3.061616997868383e-17 0.98078528040323054 -0.19509032201612825 0 
1 -0.10968153087777131 -0.26479463938695902 0.08838834764831846 0.98078528040323043 -0.19509032201612836 0 
1 -0.09567085809127239 -0.23096988312782171 3.061616997868383e-17 -0.14644660940672644 -0.35355339059327401 0.92387953251128674 
1 0.46193976625564337 0.19134171618254489 -1.5308084989341915e-17 -0.3535533905932739 -0.14644660940672616 -0.92387953251128674 
1 0.35355339059327368 -0.35355339059327384 -1.5308084989341915e-17 -0.2705980500730984 0.27059805007309873 -0.92387953251128674 
1 0.42811500999650604 0.17733104339604597 -0.088388347648318447 -0.55557023301960196 0.83146961230254546 0 
1 0.32766504294495535 0.32766504294495535 -0.088388347648318447 -0.6532814824381884 -0.65328148243818818 -0.38268343236508962 
1 0.17733104339604611 -0.42811500999650598 -0.088388347648318447 0.83146961230254535 0.55557023301960218 0 
1 0.17733104339604611 -0.42811500999650598 -0.088388347648318447 -0.35355339059327395 0.85355339059327384 -0.38268343236508978 
1 0.26516504294495535 0.26516504294495535 -0.125 -0.83146961230254546 0.55557023301960184 0 
1 0.14350628713690869 0.3464548246917325 -0.125 -0.3535533905932739 -0.85355339059327373 0.38268343236508978 
1 -6.9388939039072284e-17 -0.375 -0.125 0.98078528040323043 0.19509032201612828 0 
1 -6.9388939039072284e-17 -0.375 -0.125 2.6522730291675627e-16 0.92387953251128674 0.38268343236508978 
1 0.10968153087777135 0.26479463938695902 -0.088388347648318447 -0.98078528040323043 0.19509032201612819 0 
1 1.2194129823122587e-17 0.28661165235168157 -0.088388347648318447 1.7598441346534359e-17 -0.38268343236508978 0.92387953251128685 
1 -0.1096815308777713 -0.26479463938695902 -0.088388347648318447 0.98078528040323043 -0.19509032201612833 0 
1 -0.1096815308777713 -0.26479463938695902 -0.088388347648318447 0.14644660940672613 0.35355339059327379 0.92387953251128685 
1 1.387778780781446e-17 0.25 3.061616997868383e-17 -0.98078528040323043 -0.19509032201612833 0 
1 -0.095670858091272418 0.23096988312782168 3.061616997868383e-17 -0.14644660940672616 0.35355339059327406 0.92387953251128674 
1 3.1820285556669783e-17 0.28661165235168157 0.08838834764831846 -0.98078528040323043 -0.19509032201612819 0 
1 3.1820285556669783e-17 0.28661165235168157 0.08838834764831846 2.4762886157022191e-16 0.92387953251128685 0.38268343236508956 
1 0.14350628713690869 0.3464548246917325 0.125 -0.98078528040323043 0.19509032201612855 0 
1 0.14350628713690869 0.3464548246917325 0.125 0.3535533905932739 0.85355339059327373 -0.38268343236508989 
1 0.32766504294495535 0.32766504294495535 0.088388347648318433 -0.83146961230254524 0.5555702330196024 0 
1 0.32766504294495535 0.32766504294495535 0.088388347648318433 0.27059805007309828 0.2705980500730984 -0.92387953251128685 
1 0.46193976625564337 0.19134171618254489 -1.5308084989341915e-17 -0.55557023301960207 0.83146961230254535 0 
1 0.19134171618254503 -0.46193976625564331 -1.5308084989341915e-17 0.83146961230254524 0.55557023301960229 0 
1 0.17733104339604611 -0.42811500999650604 0.088388347648318433 0.14644660940672632 -0.35355339059327351 -0.92387953251128685 
1 -1.2251903831398114e-16 -0.46338834764831849 0.088388347648318433 0.98078528040323043 0.19509032201612844 0 
1 -9.7144514654701197e-17 -0.375 0.125 -2.6522730291675627e-16 -0.92387953251128674 -0.38268343236508989 
1 -0.14350628713690861 -0.34645482469173255 0.125 0.98078528040323043 -0.19509032201612836 0 
1 -0.10968153087777131 -0.26479463938695902 0.08838834764831846 -0.35355339059327379 -0.85355339059327395 0.38268343236508956 
1 -0.17677669529663692 -0.17677669529663687 3.061616997868383e-17 0.83146961230254535 -0.55557023301960207 0 
1 -0.20266504294495538 -0.2026650429449553 0.08838834764831846 0.83146961230254535 -0.55557023301960207 0 
1 -0.17677669529663692 -0.17677669529663687 3.061616997868383e-17 -0.27059805007309889 -0.27059805007309856 0.92387953251128674 
1 0.35355339059327379 0.35355339059327379 -1.5308084989341915e-17 -0.27059805007309873 -0.27059805007309851 -0.92387953251128674 
1 0.19134171618254503 -0.46193976625564331 -1.5308084989341915e-17 -0.14644660940672627 0.3535533905932739 -0.92387953251128674 
1 0.32766504294495535 0.32766504294495535 -0.088388347648318447 -0.83146961230254546 0.55557023301960207 0 
1 0.177331043396046 0.42811500999650604 -0.088388347648318447 -0.35355339059327395 -0.85355339059327373 -0.38268343236508978 
1 -1.0289288258043393e-16 -0.46338834764831843 -0.088388347648318447 0.98078528040323043 0.19509032201612844 0 
1 -1.0289288258043393e-16 -0.46338834764831843 -0.088388347648318447 3.5020009446761763e-16 0.92387953251128685 -0.38268343236508978 
1 0.14350628713690869 0.3464548246917325 -0.125 -0.98078528040323043 0.1950903220161285 0 
1 2.7755575615628914e-17 0.375 -0.125 -1.6265607001936063e-16 -0.92387953251128674 0.38268343236508978 
1 -0.14350628713690861 -0.34645482469173255 -0.125 0.98078528040323043 -0.19509032201612828 0 
1 -0.14350628713690861 -0.34645482469173255 -0.125 0.35355339059327368 0.85355339059327384 0.38268343236508978 
1 1.2194129823122587e-17 0.28661165235168157 -0.088388347648318447 -0.98078528040323043 -0.19509032201612819 0 
1 -0.10968153087777133 0.26479463938695902 -0.088388347648318447 0.14644660940672624 -0.35355339059327379 0.92387953251128685 
1 -0.20266504294495535 -0.20266504294495533 -0.088388347648318447 0.83146961230254546 -0.55557023301960196 0 
1 -0.20266504294495535 -0.20266504294495533 -0.088388347648318447 0.27059805007309851 0.27059805007309851 0.92387953251128685 
1 -0.095670858091272418 0.23096988312782168 3.061616997868383e-17 -0.83146961230254535 -0.55557023301960207 0 
1 -0.17677669529663687 0.17677669529663689 3.061616997868383e-17 -0.27059805007309856 0.27059805007309884 0.92387953251128674 
1 -0.10968153087777131 0.26479463938695902 0.08838834764831846 -0.83146961230254535 -0.55557023301960207 0 
1 -0.10968153087777131 0.26479463938695902 0.08838834764831846 -0.35355339059327362 0.85355339059327395 0.38268343236508962 
1 5.5511151231257827e-17 0.375 0.125 -0.98078528040323043 -0.1950903220161285 0 
1 5.5511151231257827e-17 0.375 0.125 1.6265607001936063e-16 0.92387953251128674 -0.38268343236508989 
1 0.17733104339604605 0.42811500999650609 0.088388347648318433 -0.98078528040323043 0.19509032201612841 0 
1 0.17733104339604605 0.42811500999650609 0.088388347648318433 0.14644660940672613 0.35355339059327356 -0.92387953251128685 
1 0.35355339059327379 0.35355339059327379 -1.5308084989341915e-17 -0.83146961230254535 0.55557023301960218 0 
1 -1.2490009027033011e-16 -0.5 -1.5308084989341915e-17 0.98078528040323043 0.19509032201612833 0 
1 -1.2251903831398114e-16 -0.46338834764831849 0.088388347648318433 -2.4887954428896217e-17 -0.38268343236508956 -0.92387953251128685 
1 -0.17733104339604594 -0.42811500999650615 0.088388347648318433 0.98078528040323043 -0.19509032201612825 0 
1 -0.14350628713690861 -0.34645482469173255 0.125 -0.35355339059327368 -0.85355339059327384 -0.38268343236508989 
1 -0.26516504294495535 -0.2651650429449553 0.125 0.83146961230254535 -0.55557023301960218 0 
1 -0.20266504294495538 -0.2026650429449553 0.08838834764831846 -0.65328148243818862 -0.65328148243818818 0.38268343236508956 
1 -0.23096988312782174 -0.095670858091272321 3.061616997868383e-17 0.55557023301960184 -0.83146961230254557 0 
1 -0.26479463938695907 -0.1096815308777712 0.08838834764831846 0.55557023301960184 -0.83146961230254557 0 
1 -0.23096988312782174 -0.095670858091272321 3.061616997868383e-17 -0.35355339059327417 -0.14644660940672599 0.92387953251128674 
1 0.19134171618254492 0.46193976625564337 -1.5308084989341915e-17 -0.14644660940672644 -0.35355339059327379 -0.92387953251128674 
1 -1.2490009027033011e-16 -0.5 -1.5308084989341915e-17 2.3003042022368761e-16 0.38268343236508989 -0.92387953251128674 
1 0.177331043396046 0.42811500999650604 -0.088388347648318447 -0.98078528040323043 0.19509032201612844 0 
1 5.1446441290216964e-17 0.46338834764831843 -0.088388347648318447 -2.4762886157022196e-16 -0.92387953251128685 -0.38268343236508978 
1 -0.17733104339604591 -0.42811500999650609 -0.088388347648318447 0.98078528040323043 -0.19509032201612828 0 
1 -0.17733104339604591 -0.42811500999650609 -0.088388347648318447 0.35355339059327379 0.85355339059327395 -0.38268343236508978 
1 2.7755575615628914e-17 0.375 -0.125 -0.98078528040323043 -0.19509032201612855 0 
1 -0.14350628713690861 0.3464548246917325 -0.125 0.35355339059327362 -0.85355339059327384 0.38268343236508984 
1 -0.26516504294495535 -0.2651650429449553 -0.125 0.83146961230254535 -0.55557023301960218 0 
1 -0.26516504294495535 -0.2651650429449553 -0.125 0.6532814824381884 0.65328148243818818 0.38268343236508978 
1 -0.10968153087777133 0.26479463938695902 -0.088388347648318447 -0.83146961230254546 -0.55557023301960207 0 
1 -0.20266504294495533 0.20266504294495535 -0.088388347648318447 0.27059805007309851 -0.27059805007309845 0.92387953251128685 
1 -0.26479463938695907 -0.10968153087777122 -0.088388347648318447 0.55557023301960196 -0.83146961230254557 0 
1 -0.26479463938695907 -0.10968153087777122 -0.088388347648318447 0.35355339059327384 0.14644660940672607 0.92387953251128685 
1 -0.17677669529663687 0.17677669529663689 3.061616997868383e-17 -0.5555702330196024 -0.83146961230254524 0 
1 -0.23096988312782168 0.095670858091272459 3.061616997868383e-17 -0.35355339059327395 0.14644660940672655 0.92387953251128674 
1 -0.2026650429449553 0.20266504294495535 0.08838834764831846 -0.55557023301960251 -0.83146961230254512 0 
1 -0.2026650429449553 0.20266504294495535 0.08838834764831846 -0.65328148243818818 0.65328148243818851 0.38268343236508956 
1 -0.14350628713690861 0.3464548246917325 0.125 -0.83146961230254557 -0.55557023301960184 0 
1 -0.14350628713690861 0.3464548246917325 0.125 -0.35355339059327356 0.85355339059327373 -0.38268343236508989 
1 7.1072597023764156e-17 0.46338834764831849 0.088388347648318433 -0.98078528040323043 -0.19509032201612841 0 
1 7.1072597023764156e-17 0.46338834764831849 0.088388347648318433 -1.7598441346534409e-17 0.38268343236508956 -0.92387953251128685 
1 0.19134171618254492 0.46193976625564337 -1.5308084989341915e-17 -0.98078528040323043 0.19509032201612833 0 
1 -0.19134171618254481 -0.46193976625564342 -1.5308084989341915e-17 0.98078528040323054 -0.19509032201612825 0 
1 -0.17733104339604594 -0.42811500999650615 0.088388347648318433 -0.14644660940672605 -0.35355339059327362 -0.92387953251128685 
1 -0.32766504294495541 -0.32766504294495535 0.088388347648318433 0.83146961230254535 -0.55557023301960207 0 
1 -0.26516504294495535 -0.2651650429449553 0.125 -0.6532814824381884 -0.65328148243818818 -0.38268343236508989 
1 -0.34645482469173261 -0.14350628713690847 0.125 0.55557023301960196 -0.83146961230254546 0 
1 -0.26479463938695907 -0.1096815308777712 0.08838834764831846 -0.85355339059327417 -0.35355339059327323 0.38268343236508962 
1 -0.25 1.6738382170869377e-17 3.061616997868383e-17 0.195090322016128 -0.98078528040323054 0 
1 -0.28661165235168157 3.5099804265082085e-17 0.08838834764831846 0.19509032201612789 -0.98078528040323054 0 
1 -0.25 1.6738382170869377e-17 3.061616997868383e-17 -0.38268343236509006 1.9192283272608934e-16 0.92387953251128674 
1 6.9388939039072284e-17 0.5 -1.5308084989341915e-17 -1.8754402444825695e-16 -0.38268343236508989 -0.92387953251128674 
1 -0.19134171618254481 -0.46193976625564342 -1.5308084989341915e-17 0.14644660940672635 0.35355339059327384 -0.92387953251128674 
1 5.1446441290216964e-17 0.46338834764831843 -0.088388347648318447 -0.98078528040323043 -0.19509032201612841 0 
1 -0.17733104339604591 0.42811500999650604 -0.088388347648318447 0.35355339059327356 -0.85355339059327384 -0.38268343236508978 
1 -0.32766504294495541 -0.3276650429449553 -0.088388347648318447 0.83146961230254546 -0.55557023301960207 0 
1 -0.32766504294495541 -0.3276650429449553 -0.088388347648318447 0.65328148243818851 0.65328148243818807 -0.38268343236508967 
1 -0.14350628713690861 0.3464548246917325 -0.125 -0.83146961230254557 -0.55557023301960184 0 
1 -0.2651650429449553 0.26516504294495535 -0.125 0.65328148243818818 -0.65328148243818829 0.38268343236508978 
1 -0.34645482469173261 -0.14350628713690847 -0.125 0.55557023301960196 -0.83146961230254546 0 
1 -0.34645482469173261 -0.14350628713690847 -0.125 0.85355339059327406 0.35355339059327323 0.38268343236508984 
1 -0.20266504294495533 0.20266504294495535 -0.088388347648318447 -0.55557023301960229 -0.83146961230254524 0 
1 -0.26479463938695902 0.10968153087777138 -0.088388347648318447 0.35355339059327379 -0.14644660940672624 0.92387953251128685 
1 -0.28661165235168157 1.547364853153489e-17 -0.088388347648318447 0.19509032201612792 -0.98078528040323054 0 
1 -0.28661165235168157 1.547364853153489e-17 -0.088388347648318447 0.38268343236508978 1.3219633068702024e-17 0.92387953251128685 
1 -0.23096988312782168 0.095670858091272459 3.061616997868383e-17 -0.1950903220161283 -0.98078528040323043 0 
1 -0.26479463938695902 0.1096815308777714 0.08838834764831846 -0.19509032201612816 -0.98078528040323043 0 
1 -0.26479463938695902 0.1096815308777714 0.08838834764831846 -0.85355339059327373 0.35355339059327401 0.38268343236508956 
1 -0.2651650429449553 0.26516504294495535 0.125 -0.55557023301960229 -0.83146961230254524 0 
1 -0.2651650429449553 0.26516504294495535 0.125 -0.65328148243818818 0.65328148243818829 -0.38268343236508989 
1 -0.17733104339604588 0.42811500999650609 0.088388347648318433 -0.83146961230254546 -0.55557023301960184 0 
1 -0.17733104339604588 0.42811500999650609 0.088388347648318433 -0.14644660940672616 0.35355339059327356 -0.92387953251128685 
1 6.9388939039072284e-17 0.5 -1.5308084989341915e-17 -0.98078528040323043 -0.19509032201612833 0 
1 -0.35355339059327384 -0.35355339059327373 -1.5308084989341915e-17 0.83146961230254535 -0.55557023301960218 0 
1 -0.32766504294495541 -0.32766504294495535 0.088388347648318433 -0.27059805007309834 -0.2705980500730984 -0.92387953251128685 
1 -0.4281150099965062 -0.17733104339604572 0.088388347648318433 0.55557023301960162 -0.83146961230254557 0 
1 -0.34645482469173261 -0.14350628713690847 0.125 -0.85355339059327395 -0.35355339059327318 -0.38268343236508989 
1 -0.375 5.9802042775840199e-17 0.125 0.19509032201612797 -0.98078528040323054 0 
1 -0.28661165235168157 3.5099804265082085e-17 0.08838834764831846 -0.92387953251128685 2.582002399015963e-16 0.38268343236508956 
1 -0.19134171618254481 0.46193976625564337 -1.5308084989341915e-17 0.14644660940672607 -0.3535533905932739 -0.92387953251128674 
1 -0.35355339059327384 -0.35355339059327373 -1.5308084989341915e-17 0.27059805007309873 0.27059805007309845 -0.92387953251128674 
1 -0.17733104339604591 0.42811500999650604 -0.088388347648318447 -0.83146961230254546 -0.55557023301960196 0 
1 -0.3276650429449553 0.32766504294495535 -0.088388347648318447 0.65328148243818818 -0.65328148243818851 -0.38268343236508978 
1 -0.42811500999650615 -0.17733104339604572 -0.088388347648318447 0.55557023301960162 -0.83146961230254568 0 
1 -0.42811500999650615 -0.17733104339604572 -0.088388347648318447 0.85355339059327406 0.35355339059327318 -0.38268343236508978 
1 -0.2651650429449553 0.26516504294495535 -0.125 -0.55557023301960229 -0.83146961230254524 0 
1 -0.3464548246917325 0.14350628713690872 -0.125 0.85355339059327373 -0.3535533905932739 0.38268343236508978 
1 -0.375 3.2046467160211285e-17 -0.125 0.195090322016128 -0.98078528040323054 0 
1 -0.375 3.2046467160211285e-17 -0.125 0.92387953251128674 -1.7322744835073501e-16 0.38268343236508978 
1 -0.26479463938695902 0.10968153087777138 -0.088388347648318447 -0.19509032201612816 -0.98078528040323054 0 
1 -0.3464548246917325 0.14350628713690872 0.125 -0.1950903220161285 -0.98078528040323043 0 
1 -0.3464548246917325 0.14350628713690872 0.125 -0.85355339059327373 0.3535533905932739 -0.38268343236508989 
1 -0.32766504294495535 0.32766504294495535 0.088388347648318433 -0.5555702330196024 -0.83146961230254512 0 
1 -0.32766504294495535 0.32766504294495535 0.088388347648318433 -0.2705980500730984 0.27059805007309828 -0.92387953251128685 
1 -0.19134171618254481 0.46193976625564337 -1.5308084989341915e-17 -0.83146961230254546 -0.55557023301960207 0 
1 -0.46193976625564348 -0.19134171618254461 -1.5308084989341915e-17 0.55557023301960173 -0.83146961230254557 0 
1 -0.4281150099965062 -0.17733104339604572 0.088388347648318433 -0.35355339059327362 -0.14644660940672599 -0.92387953251128685 
1 -0.46338834764831849 7.6374861404516598e-17 0.088388347648318433 0.195090322016128 -0.98078528040323054 0 
1 -0.375 5.9802042775840199e-17 0.125 -0.92387953251128674 1.7322744835073501e-16 -0.38268343236508989 
1 -0.35355339059327373 0.35355339059327379 -1.5308084989341915e-17 0.27059805007309845 -0.27059805007309873 -0.92387953251128674 
1 -0.46193976625564348 -0.19134171618254461 -1.5308084989341915e-17 0.35355339059327401 0.14644660940672594 -0.92387953251128674 
1 -0.3276650429449553 0.32766504294495535 -0.088388347648318447 -0.55557023301960218 -0.83146961230254524 0 
1 -0.42811500999650604 0.17733104339604602 -0.088388347648318447 0.85355339059327373 -0.35355339059327401 -0.38268343236508978 
1 -0.46338834764831843 5.6748705670969411e-17 -0.088388347648318447 0.19509032201612803 -0.98078528040323054 0 
1 -0.46338834764831843 5.6748705670969411e-17 -0.088388347648318447 0.92387953251128685 -2.5820023990159635e-16 -0.38268343236508978 
1 -0.3464548246917325 0.14350628713690872 -0.125 -0.19509032201612847 -0.98078528040323043 0 
1 -0.42811500999650609 0.17733104339604608 0.088388347648318433 -0.19509032201612839 -0.98078528040323043 0 
1 -0.42811500999650609 0.17733104339604608 0.088388347648318433 -0.35355339059327356 0.14644660940672616 -0.92387953251128685 
1 -0.35355339059327373 0.35355339059327379 -1.5308084989341915e-17 -0.5555702330196024 -0.83146961230254512 0 
1 -0.5 7.5110127765182117e-17 -1.5308084989341915e-17 0.19509032201612797 -0.98078528040323054 0 
1 -0.46338834764831849 7.6374861404516598e-17 0.088388347648318433 -0.38268343236508956 -1.3219633068702079e-17 -0.92387953251128685 
1 -0.46193976625564337 0.19134171618254495 -1.5308084989341915e-17 0.35355339059327379 -0.14644660940672646 -0.92387953251128674 
1 -0.5 7.5110127765182117e-17 -1.5308084989341915e-17 0.38268343236508989 -1.9192283272608929e-16 -0.92387953251128674 
1 -0.42811500999650604 0.17733104339604602 -0.088388347648318447 -0.19509032201612841 -0.98078528040323043 0 
1 -0.46193976625564337 0.19134171618254495 -1.5308084989341915e-17 -0.19509032201612833 -0.98078528040323043 0 
Polygon3D 0
PolygonOnTriangulations 0
Surfaces 128
1 0.25872179019334868 -0.051462963780062161 0.045769650908093568 0.90866333521833054 -0.18074437515937394 -0.37638067707860262 0.38268343236508984 1.3877787807814457e-17 0.92387953251128685 -0.16698602882628705 -0.98353010673199415 0.069167877866672722 
1 0.25872179019334862 -0.051462963780062154 -0.045769650908093533 0.90866333521833065 -0.180744375159374 0.37638067707860245 -0.38268343236508962 0 0.92387953251128685 -0.1669860288262871 -0.98353010673199404 -0.069167877866672681 
1 0.25872179019334868 0.051462963780062175 0.045769650908093575 0.90866333521833054 0.18074437515937386 -0.37638067707860284 0.38268343236509006 0 0.92387953251128674 0.16698602882628694 -0.98353010673199415 -0.069167877866672708 
1 0.32147705272790494 -0.063945761616342731 0.10809870134066156 0.38157953112891524 -0.075900887880472473 -0.92121447917539445 -0.92387953251128685 -3.4694469519536142e-18 -0.38268343236508956 0.029046012293657029 0.99711536705586679 -0.070123276812202512 
1 0.21933374295527969 -0.14655412161760042 0.045769650908093568 0.77032757948498531 -0.51471643281194768 -0.37638067707860268 0.55557023301960207 0.83146961230254535 0 0.31294909564871526 -0.20910590046863489 0.92646510237669111 
1 0.32147705272790489 -0.063945761616342703 -0.10809870134066155 0.38157953112891524 -0.075900887880472487 0.92121447917539445 0.92387953251128685 0 -0.38268343236508956 0.029046012293657039 0.99711536705586679 0.070123276812202526 
1 0.25872179019334862 0.051462963780062182 -0.045769650908093554 0.90866333521833054 0.18074437515937392 0.37638067707860262 -0.38268343236508984 1.3877787807814457e-17 0.92387953251128674 0.16698602882628699 -0.98353010673199404 0.069167877866672708 
1 0.21933374295527974 -0.1465541216176004 -0.04576965090809354 0.77032757948498531 -0.51471643281194768 0.37638067707860262 0.55557023301960207 0.83146961230254535 0 -0.31294909564871526 0.20910590046863486 0.92646510237669111 
1 0.21933374295527971 0.14655412161760042 0.045769650908093575 0.7703275794849852 0.51471643281194768 -0.37638067707860279 -0.55557023301960207 0.83146961230254535 0 0.31294909564871537 0.20910590046863495 0.926465102376691 
1 0.321477052727905 0.063945761616342717 0.10809870134066157 0.38157953112891535 0.075900887880472473 -0.92121447917539434 -0.92387953251128685 -3.469446951953615e-18 -0.38268343236508973 -0.02904601229365705 0.99711536705586679 0.070123276812202512 
1 0.40606738346434268 -0.080771824560555816 0.10547650007444824 -0.38157953112891541 0.075900887880472487 -0.92121447917539434 -0.92387953251128674 3.4694469519536142e-18 0.38268343236508973 0.029046012293657057 0.99711536705586679 0.070123276812202512 
1 0.27253508564682116 -0.18210212231271247 0.10809870134066155 0.32348750654160124 -0.21614744150487741 -0.92121447917539434 -0.94351856520800736 0 -0.33131966000800983 0.071613896830997198 0.97636073432461212 -0.20393912388206367 
1 0.1465541216176004 -0.21933374295527969 0.045769650908093568 0.51471643281194801 -0.77032757948498509 -0.3763806770786029 -0.83146961230254512 -0.5555702330196024 -2.7755575615628907e-17 -0.20910590046863511 0.31294909564871537 -0.926465102376691 
1 0.40606738346434262 -0.080771824560555802 -0.10547650007444824 -0.38157953112891535 0.075900887880472473 0.92121447917539434 0.92387953251128685 -3.469446951953615e-18 0.38268343236508973 0.02904601229365705 0.99711536705586679 -0.070123276812202512 
1 0.32147705272790489 0.063945761616342717 -0.10809870134066156 0.38157953112891557 0.075900887880472556 0.92121447917539434 0.92387953251128674 0 -0.38268343236508989 -0.029046012293657088 0.99711536705586679 -0.070123276812202567 
1 0.27253508564682122 -0.1821021223127125 -0.10809870134066155 0.32348750654160141 -0.21614744150487755 0.92121447917539434 0.94351856520800736 0 -0.33131966000801 0.071613896830997253 0.97636073432461212 0.20393912388206376 
1 0.21933374295527969 0.1465541216176004 -0.045769650908093547 0.77032757948498531 0.51471643281194779 0.37638067707860262 -0.55557023301960218 0.83146961230254535 -2.775557561562891e-17 -0.31294909564871526 -0.20910590046863486 0.92646510237669111 
1 0.14655412161760045 -0.21933374295527969 -0.045769650908093547 0.51471643281194779 -0.7703275794849852 0.37638067707860262 -0.83146961230254535 -0.55557023301960218 2.7755575615628914e-17 0.20910590046863486 -0.31294909564871526 -0.92646510237669111 
1 0.14655412161760042 0.21933374295527971 0.045769650908093575 0.51471643281194768 0.7703275794849852 -0.37638067707860284 0.83146961230254535 -0.55557023301960207 0 -0.20910590046863498 -0.31294909564871543 -0.926465102376691 
1 0.27253508564682127 0.18210212231271256 0.10809870134066157 0.32348750654160136 0.21614744150487733 -0.92121447917539434 -0.94351856520800736 1.3877787807814457e-17 -0.33131966000800994 -0.071613896830997156 0.97636073432461212 0.20393912388206356 
1 0.40606738346434268 0.080771824560555788 0.10547650007444823 -0.38157953112891535 -0.075900887880472515 -0.92121447917539434 -0.92387953251128685 0 0.38268343236508973 -0.029046012293657063 0.99711536705586679 -0.07012327681220254 
1 0.46380424414572402 -0.092256400203758859 0.043081198938985585 -0.90866333521833076 0.18074437515937394 -0.37638067707860218 0.38268343236508934 0 -0.92387953251128696 -0.16698602882628708 -0.98353010673199404 -0.069167877866672611 
1 0.34424730534189391 -0.23001869559073568 0.10547650007444821 -0.32348750654160124 0.21614744150487744 -0.92121447917539434 -0.94351856520800736 -1.3877787807814457e-17 0.33131966000800983 0.07161389683099717 0.97636073432461201 0.20393912388206367 
1 0.18210212231271253 -0.27253508564682127 0.10809870134066156 0.21614744150487747 -0.32348750654160119 -0.92121447917539434 0 -0.94351856520800736 0.33131966000800978 -0.97636073432461201 -0.071613896830997198 -0.20393912388206373 
1 0.051462963780062189 -0.25872179019334868 0.045769650908093588 0.18074437515937386 -0.90866333521833054 -0.37638067707860284 0 0.38268343236509006 -0.92387953251128674 0.98353010673199415 0.16698602882628694 0.069167877866672708 
1 0.46380424414572402 -0.092256400203758859 -0.043081198938985592 -0.90866333521833054 0.18074437515937392 0.37638067707860284 -0.38268343236509006 0 -0.92387953251128674 -0.16698602882628699 -0.98353010673199415 0.069167877866672736 
1 0.40606738346434262 0.080771824560555774 -0.10547650007444824 -0.38157953112891535 -0.075900887880472528 0.92121447917539434 0.92387953251128685 3.469446951953615e-18 0.38268343236508973 -0.02904601229365707 0.99711536705586679 0.070123276812202553 
1 0.34424730534189385 -0.23001869559073565 -0.10547650007444821 -0.32348750654160124 0.21614744150487744 0.92121447917539445 0.94351856520800748 1.3877787807814457e-17 0.33131966000800983 0.07161389683099717 0.97636073432461212 -0.20393912388206367 
1 0.27253508564682122 0.18210212231271253 -0.10809870134066156 0.32348750654160158 0.21614744150487741 0.92121447917539434 0.94351856520800725 0 -0.33131966000801016 -0.071613896830997253 0.97636073432461212 -0.20393912388206362 
1 0.1821021223127125 -0.27253508564682127 -0.10809870134066157 0.2161474415048775 -0.32348750654160124 0.92121447917539434 0 0.94351856520800736 0.33131966000800983 -0.97636073432461201 -0.071613896830997212 0.20393912388206373 
1 0.14655412161760042 0.21933374295527977 -0.045769650908093547 0.51471643281194757 0.77032757948498543 0.37638067707860262 0.83146961230254546 -0.55557023301960184 0 0.20910590046863481 0.31294909564871531 -0.92646510237669111 
1 0.051462963780062182 -0.25872179019334862 -0.04576965090809354 0.18074437515937403 -0.90866333521833065 0.3763806770786024 0 -0.38268343236508956 -0.92387953251128685 0.98353010673199404 0.16698602882628713 -0.069167877866672681 
1 0.051462963780062182 0.25872179019334862 0.045769650908093568 0.18074437515937389 0.90866333521833054 -0.37638067707860284 -1.3877787807814457e-17 0.38268343236509006 0.92387953251128674 0.98353010673199415 -0.16698602882628696 0.069167877866672736 
1 0.1821021223127125 0.27253508564682127 0.10809870134066157 0.21614744150487725 0.32348750654160124 -0.92121447917539445 0 -0.94351856520800736 -0.33131966000800983 -0.97636073432461212 0.071613896830997129 -0.20393912388206348 
1 0.34424730534189391 0.23001869559073568 0.1054765000744482 -0.32348750654160141 -0.21614744150487733 -0.92121447917539434 -0.94351856520800736 0 0.33131966000801 -0.071613896830997184 0.97636073432461212 -0.20393912388206356 
1 0.46380424414572397 0.092256400203758818 0.043081198938985571 -0.90866333521833076 -0.180744375159374 -0.37638067707860218 0.38268343236508934 0 -0.92387953251128696 0.16698602882628713 -0.98353010673199404 0.069167877866672639 
1 0.39319425237048033 -0.26272399998660467 0.043081198938985571 -0.77032757948498543 0.51471643281194801 -0.37638067707860223 -0.55557023301960218 -0.83146961230254524 0 -0.31294909564871487 0.20910590046863467 0.92646510237669133 
1 0.23001869559073573 -0.34424730534189396 0.10547650007444823 -0.21614744150487747 0.32348750654160119 -0.92121447917539434 0 -0.94351856520800736 -0.33131966000800978 -0.97636073432461201 -0.071613896830997198 0.20393912388206373 
1 0.063945761616342717 -0.32147705272790489 0.10809870134066157 0.075900887880472431 -0.38157953112891524 -0.92121447917539445 3.4694469519536142e-18 -0.92387953251128685 0.38268343236508956 -0.99711536705586679 -0.029046012293657022 -0.07012327681220247 
1 -0.051462963780062168 -0.25872179019334868 0.045769650908093568 -0.18074437515937397 -0.90866333521833065 -0.37638067707860245 0 0.38268343236508962 -0.92387953251128685 0.98353010673199404 -0.16698602882628708 -0.069167877866672681 
1 0.46380424414572391 0.092256400203758859 -0.043081198938985592 -0.90866333521833054 -0.18074437515937394 0.37638067707860268 -0.38268343236508984 0 -0.92387953251128674 0.16698602882628702 -0.98353010673199404 -0.069167877866672708 
1 0.39319425237048028 -0.26272399998660467 -0.043081198938985599 -0.7703275794849852 0.5147164328119479 0.37638067707860284 -0.55557023301960229 -0.83146961230254535 0 0.31294909564871537 -0.209105900468635 0.926465102376691 
1 0.34424730534189391 0.23001869559073568 -0.10547650007444824 -0.32348750654160136 -0.21614744150487733 0.92121447917539434 0.94351856520800736 -1.3877787807814457e-17 0.33131966000800994 -0.071613896830997156 0.97636073432461212 0.20393912388206356 
1 0.23001869559073573 -0.34424730534189396 -0.10547650007444824 -0.21614744150487741 0.32348750654160124 0.92121447917539434 0 0.94351856520800736 -0.33131966000800983 -0.97636073432461212 -0.071613896830997198 -0.20393912388206367 
1 0.18210212231271247 0.27253508564682127 -0.10809870134066156 0.21614744150487727 0.32348750654160136 0.92121447917539434 0 0.94351856520800736 -0.33131966000800994 -0.97636073432461212 0.071613896830997156 0.20393912388206351 
